Route= #N B3LYP/6-31G(d) FREQ Geom=Connectivity
Stoichiometry=C<sub>2</sub>H<sub>4</sub>O
Symmetry=C1
Basis=6-31G(d)
RB3LYP Energy=-153.714172988 Hartree
ZPE=0.050436 Hartree
Conditions=298.150K, 1.00000 atm
Internal Energy=-153.660405 Hartree
Enthalpy=-153.659461 Hartree
Free Energy=-153.688026 Hartree
C<sub>v</sub>=10.021 cal/mol-K
Entropy=60.120 cal/mol-K
Rotational Constants=48.58020,1.62046104575:12.22118,0.40765468490:10.17502,0.33940213399
Dipole Moment=-1.0366:-1.0341:-0.4269:1.5252 Debye
Partial Charges=1,C,-0.617956:2,C,0.258405:3,H,0.164318:4,O,-0.474566:5,H,0.319645:6,H,0.149859:7,H,0.200296
Mode1=1,-0.02,-0.05,-0.01:2,-0.06,-0.01,0.01:3,0.01,0.01,0.06:4,-0.01,0.04,0.01:5,0.94,-0.08,-0.19:6,-0.03,-0.08,-0.10:7,0.07,0.16,0.13
Mode2=1,0.04,-0.04,-0.00:2,0.00,-0.04,0.08:3,-0.03,-0.05,0.10:4,-0.03,0.04,-0.07:5,-0.21,-0.12,0.26:6,-0.23,0.16,-0.42:7,0.54,0.47,0.28
Mode3=1,-0.10,-0.09,-0.10:2,-0.02,0.13,0.02:3,-0.21,0.06,0.46:4,0.13,-0.04,-0.02:5,-0.14,-0.08,0.16:6,0.10,-0.24,0.18:7,-0.37,0.48,0.40
Mode4=1,0.06,-0.02,-0.08:2,0.01,-0.10,-0.05:3,0.12,-0.08,0.09:4,-0.06,0.05,0.04:5,-0.05,-0.10,-0.11:6,0.11,0.53,0.69:7,-0.07,0.32,0.22
Mode5=1,0.12,0.09,0.03:2,-0.02,-0.06,-0.11:3,-0.07,-0.13,0.72:4,-0.07,0.02,0.01:5,-0.06,-0.18,0.08:6,0.26,-0.44,-0.24:7,-0.20,0.04,0.05
Mode6=1,-0.14,-0.01,0.09:2,0.03,-0.01,-0.15:3,0.42,-0.00,0.56:4,0.07,0.00,0.03:5,-0.00,-0.05,-0.04:6,-0.44,0.42,-0.10:7,0.18,-0.14,-0.10
Mode7=1,-0.07,0.08,-0.06:2,0.01,-0.06,0.06:3,0.34,-0.01,-0.06:4,0.01,0.02,-0.04:5,0.19,-0.42,0.74:6,0.07,-0.04,0.13:7,-0.14,-0.11,-0.18
Mode8=1,-0.05,0.08,-0.00:2,0.08,-0.07,0.05:3,0.58,0.03,-0.16:4,-0.02,-0.04,-0.01:5,-0.06,0.17,-0.36:6,-0.07,-0.14,-0.27:7,-0.41,0.34,0.26
Mode9=1,0.07,-0.05,-0.02:2,-0.04,0.18,-0.01:3,0.72,0.32,0.17:4,-0.11,-0.12,-0.01:5,0.07,0.13,0.15:6,0.21,-0.11,0.19:7,0.38,0.01,-0.02
Mode10=1,-0.12,0.07,0.00:2,-0.01,-0.07,-0.01:3,0.04,-0.07,-0.04:4,0.04,0.03,0.01:5,-0.12,-0.01,-0.25:6,0.31,-0.49,0.33:7,0.64,0.16,-0.08
Mode11=1,-0.14,0.03,-0.01:2,0.39,0.07,-0.02:3,-0.65,-0.15,0.18:4,-0.18,-0.08,-0.01:5,0.38,0.21,0.25:6,-0.06,-0.01,0.16:7,0.14,0.09,-0.04
Mode12=1,0.00,-0.01,-0.02:2,-0.04,-0.08,-0.02:3,0.03,-0.08,0.08:4,0.02,0.01,-0.01:5,0.09,0.90,0.40:6,0.02,-0.03,0.04:7,-0.01,0.02,0.01
Mode13=1,-0.04,0.03,-0.04:2,0.00,0.01,-0.00:3,0.03,-0.17,-0.01:4,0.00,0.00,0.00:5,-0.00,0.00,-0.01:6,0.35,0.19,-0.17:7,0.14,-0.53,0.69
Mode14=1,-0.00,0.02,-0.02:2,0.02,-0.08,-0.01:3,-0.17,0.95,0.07:4,0.00,0.00,-0.00:5,-0.01,0.01,0.01:6,-0.05,-0.03,0.02:7,0.04,-0.13,0.17
Mode15=1,-0.06,-0.05,0.05:2,0.00,-0.02,-0.00:3,-0.03,0.15,0.01:4,0.00,-0.00,-0.00:5,-0.01,0.01,0.01:6,0.75,0.38,-0.32:7,-0.08,0.23,-0.31
Vibrational Modes(v2)=1,A,-2199.6288,377.3724:2,A,596.2961,49.1538:3,A,653.2237,124.2848:4,A,798.2860,31.6808:5,A,970.1890,7.3789:6,A,1067.8521,0.6315:7,A,1166.7526,94.8771:8,A,1212.3772,23.7160:9,A,1305.2621,43.3544:10,A,1498.1926,4.2712:11,A,1572.0740,226.7338:12,A,1852.5048,11.4362:13,A,3108.1446,0.9662:14,A,3142.9760,30.4960:15,A,3194.7150,8.8824
Quote=    THE DOUGHNUT CREED AS YOU RAMBLE ON THROUGH LIFE, BROTHER WHATEVER BE YOUR GOAL KEEP YOUR EYE UPON THE DOUGHNUT AND NOT UPON THE HOLE.
Server=buchner.chem.hope.edu (9159)
CPU time=23.9 sec
